000000000000000001000000000000000000
000000000000011111000000000000000000
000000000001100001000000000000000000
000000000010000001000000000000000000
000000000010000010000000000000000000
000000000010000000000000110000000000
000000000010000100000011010000000000
000000000001001000001100010000000000
110111001000111000011000001000000000
101100111000010000010000000000000000
100110010101100110011100001000000000
000001110001001110111000110010000000
100100000110010111010010110101111000
010000101110011011000100000000000000
010100101111110000100011110000000010
000011010100011001010000000000000110
000010011100111111011110101010011000
010001111111010010001010000000000000
010010110010000001101011101011000000
000100001011000000011100000010100000
001000100100111101111111110110011000
011000000011110000011110000110011010
010000000110011000001100000000000000
100001001100010100110100011100000001
111011000000000010000010100100000001
001101100010110101000000011100000000
000001001011000011010001100100000001
000111110101110010000000000011000001
000011101000011010000000000011000001
000001000010001010000000000101000000
000001000000011110001100011000101111
000000000000001101001011110000000000
000000000000000000111111111100000000
